    0.0010   -150.00    0.603   0.4910   0.0960
    0.0010   -140.00    0.591   0.7028   0.1432
    0.0010   -130.00    0.546   0.9254   0.1918
    0.0010   -120.00    0.458   1.1302   0.2387
    0.0010   -110.00    0.329   1.2903   0.2791
    0.0010   -100.00    0.171   1.3842   0.3082
    0.0010    -90.00    0.000   1.3980   0.3221
    0.0010    -80.00   -0.171   1.3842   0.3335
    0.0010    -70.00   -0.329   1.2903   0.3287
    0.0010    -60.00   -0.458   1.1302   0.3105
    0.0010    -50.00   -0.546   0.9254   0.2834
    0.0010    -40.00   -0.591   0.7028   0.2541
    0.0010    -30.00   -0.603   0.4910   0.2329
    0.0010    -20.00   -0.622   0.3170   0.2440
    0.0010    -10.00   -0.236   0.1713  -0.0495
    0.0010     -9.50   -0.230   0.1670  -0.0507
    0.0010     -9.00   -0.225   0.1627  -0.0517
    0.0010     -8.50   -0.221   0.1587  -0.0525
    0.0010     -8.00   -0.216   0.1547  -0.0527
    0.0010     -7.50   -0.211   0.1511  -0.0527
    0.0010     -7.00   -0.206   0.1477  -0.0523
    0.0010     -6.50   -0.201   0.1445  -0.0515
    0.0010     -6.00   -0.195   0.1416  -0.0504
    0.0010     -5.50   -0.189   0.1389  -0.0489
    0.0010     -5.00   -0.183   0.1365  -0.0470
    0.0010     -4.50   -0.177   0.1342  -0.0449
    0.0010     -4.00   -0.170   0.1322  -0.0426
    0.0010     -3.50   -0.163   0.1303  -0.0401
    0.0010     -3.00   -0.155   0.1287  -0.0375
    0.0010     -2.50   -0.145   0.1272  -0.0351
    0.0010     -2.00   -0.133   0.1260  -0.0330
    0.0010     -1.50   -0.118   0.1249  -0.0312
    0.0010     -1.00   -0.100   0.1241  -0.0299
    0.0010     -0.50   -0.078   0.1234  -0.0287
    0.0010      0.00   -0.054   0.1230  -0.0280
    0.0010      0.50   -0.029   0.1229  -0.0276
    0.0010      1.00   -0.001   0.1230  -0.0274
    0.0010      1.50    0.028   0.1234  -0.0274
    0.0010      2.00    0.058   0.1240  -0.0277
    0.0010      2.50    0.089   0.1249  -0.0282
    0.0010      3.00    0.121   0.1260  -0.0288
    0.0010      3.50    0.152   0.1274  -0.0296
    0.0010      4.00    0.185   0.1290  -0.0304
    0.0010      4.50    0.217   0.1308  -0.0314
    0.0010      5.00    0.249   0.1328  -0.0325
    0.0010      5.50    0.280   0.1351  -0.0338
    0.0010      6.00    0.312   0.1377  -0.0351
    0.0010      6.50    0.343   0.1404  -0.0366
    0.0010      7.00    0.373   0.1434  -0.0381
    0.0010      7.50    0.403   0.1467  -0.0398
    0.0010      8.00    0.432   0.1502  -0.0416
    0.0010      8.50    0.460   0.1539  -0.0436
    0.0010      9.00    0.487   0.1580  -0.0457
    0.0010      9.50    0.514   0.1623  -0.0479
    0.0010     10.00    0.539   0.1668  -0.0502
    0.0010     10.50    0.564   0.1716  -0.0528
    0.0010     11.00    0.587   0.1767  -0.0556
    0.0010     11.50    0.610   0.1821  -0.0586
    0.0010     12.00    0.631   0.1879  -0.0617
    0.0010     12.50    0.652   0.1939  -0.0651
    0.0010     13.00    0.672   0.2003  -0.0687
    0.0010     13.50    0.691   0.2069  -0.0724
    0.0010     14.00    0.709   0.2139  -0.0763
    0.0010     14.50    0.727   0.2211  -0.0804
    0.0010     15.00    0.743   0.2287  -0.0846
    0.0010     15.50    0.760   0.2365  -0.0890
    0.0010     16.00    0.775   0.2445  -0.0934
    0.0010     16.50    0.791   0.2528  -0.0979
    0.0010     17.00    0.807   0.2616  -0.1022
    0.0010     17.50    0.821   0.2703  -0.1069
    0.0010     18.00    0.836   0.2792  -0.1115
    0.0010     18.50    0.850   0.2883  -0.1162
    0.0010     19.00    0.863   0.2977  -0.1208
    0.0010     19.50    0.876   0.3073  -0.1254
    0.0010     20.00    0.889   0.3170  -0.1299
    0.0010     30.00    0.861   0.4910  -0.1868
    0.0010     40.00    0.844   0.7028  -0.2346
    0.0010     50.00    0.780   0.9254  -0.2777
    0.0010     60.00    0.654   1.1302  -0.3151
    0.0010     70.00    0.470   1.2903  -0.3450
    0.0010     80.00    0.244   1.3842  -0.3660
    0.0010     90.00    0.000   1.3980  -0.3769
    0.0010    100.00   -0.171   1.3842  -0.3883
    0.0010    110.00   -0.329   1.2903  -0.3835
    0.0010    120.00   -0.458   1.1302  -0.3653
    0.0010    130.00   -0.546   0.9254  -0.3382
    0.0010    140.00   -0.591   0.7028  -0.3089
    0.0010    150.00   -0.603   0.4910  -0.2877
    0.0010    160.00   -0.622   0.3170  -0.2988
    0.0010    170.00   -0.311   0.2030  -0.5000
    0.0010    180.00    0.000   0.1634   0.0000
    0.0050   -150.00    0.661   0.4830   0.1095
    0.0050   -140.00    0.626   0.6957   0.1526
    0.0050   -130.00    0.567   0.9194   0.1983
    0.0050   -120.00    0.469   1.1256   0.2431
    0.0050   -110.00    0.334   1.2872   0.2823
    0.0050   -100.00    0.172   1.3826   0.3107
    0.0050    -90.00    0.000   1.3980   0.3244
    0.0050    -80.00   -0.172   1.3826   0.3347
    0.0050    -70.00   -0.334   1.2872   0.3294
    0.0050    -60.00   -0.469   1.1256   0.3114
    0.0050    -50.00   -0.567   0.9194   0.2860
    0.0050    -40.00   -0.626   0.6957   0.2607
    0.0050    -30.00   -0.661   0.4830   0.2474
    0.0050    -20.00   -0.724   0.3084   0.2767
    0.0050    -10.00   -0.368   0.1460  -0.0409
    0.0050     -9.50   -0.363   0.1397  -0.0407
    0.0050     -9.00   -0.357   0.1332  -0.0403
    0.0050     -8.50   -0.354   0.1270  -0.0398
    0.0050     -8.00   -0.355   0.1213  -0.0388
    0.0050     -7.50   -0.368   0.1161  -0.0377
    0.0050     -7.00   -0.358   0.1113  -0.0344
    0.0050     -6.50   -0.354   0.1057  -0.0321
    0.0050     -6.00   -0.364   0.1003  -0.0309
    0.0050     -5.50   -0.357   0.0958  -0.0268
    0.0050     -5.00   -0.361   0.0909  -0.0235
    0.0050     -4.50   -0.246   0.0796  -0.0247
    0.0050     -4.00   -0.203   0.0747  -0.0295
    0.0050     -3.50   -0.149   0.0711  -0.0355
    0.0050     -3.00   -0.130   0.0693  -0.0352
    0.0050     -2.50   -0.112   0.0678  -0.0345
    0.0050     -2.00   -0.100   0.0666  -0.0326
    0.0050     -1.50   -0.102   0.0657  -0.0283
    0.0050     -1.00   -0.104   0.0648  -0.0241
    0.0050     -0.50   -0.102   0.0640  -0.0208
    0.0050      0.00   -0.089   0.0635  -0.0193
    0.0050      0.50   -0.065   0.0635  -0.0199
    0.0050      1.00   -0.032   0.0640  -0.0223
    0.0050      1.50    0.009   0.0650  -0.0259
    0.0050      2.00    0.053   0.0664  -0.0301
    0.0050      2.50    0.099   0.0682  -0.0346
    0.0050      3.00    0.145   0.0704  -0.0392
    0.0050      3.50    0.191   0.0729  -0.0436
    0.0050      4.00    0.235   0.0756  -0.0478
    0.0050      4.50    0.278   0.0786  -0.0517
    0.0050      5.00    0.320   0.0819  -0.0554
    0.0050      5.50    0.372   0.0862  -0.0613
    0.0050      6.00    0.429   0.0911  -0.0682
    0.0050      6.50    0.473   0.0956  -0.0728
    0.0050      7.00    0.521   0.1006  -0.0781
    0.0050      7.50    0.568   0.1058  -0.0832
    0.0050      8.00    0.615   0.1118  -0.0884
    0.0050      8.50    0.659   0.1176  -0.0929
    0.0050      9.00    0.688   0.1229  -0.0956
    0.0050      9.50    0.726   0.1289  -0.0990
    0.0050     10.00    0.754   0.1351  -0.1018
    0.0050     10.50    0.786   0.1416  -0.1044
    0.0050     11.00    0.814   0.1486  -0.1070
    0.0050     11.50    0.842   0.1561  -0.1094
    0.0050     12.00    0.866   0.1631  -0.1109
    0.0050     12.50    0.881   0.1704  -0.1128
    0.0050     13.00    0.896   0.1770  -0.1138
    0.0050     13.50    0.907   0.1850  -0.1161
    0.0050     14.00    0.925   0.1928  -0.1175
    0.0050     14.50    0.935   0.2013  -0.1200
    0.0050     15.00    0.945   0.2097  -0.1224
    0.0050     15.50    0.964   0.2188  -0.1238
    0.0050     16.00    0.967   0.2277  -0.1277
    0.0050     16.50    0.979   0.2371  -0.1305
    0.0050     17.00    0.987   0.2455  -0.1330
    0.0050     17.50    0.995   0.2551  -0.1362
    0.0050     18.00    1.005   0.2663  -0.1396
    0.0050     18.50    1.017   0.2777  -0.1423
    0.0050     19.00    1.015   0.2857  -0.1457
    0.0050     19.50    1.024   0.2960  -0.1475
    0.0050     20.00    1.034   0.3084  -0.1497
    0.0050     30.00    0.945   0.4830  -0.2003
    0.0050     40.00    0.895   0.6957  -0.2423
    0.0050     50.00    0.810   0.9194  -0.2812
    0.0050     60.00    0.671   1.1256  -0.3157
    0.0050     70.00    0.477   1.2872  -0.3439
    0.0050     80.00    0.246   1.3826  -0.3641
    0.0050     90.00    0.000   1.3980  -0.3746
    0.0050    100.00   -0.172   1.3826  -0.3850
    0.0050    110.00   -0.334   1.2872  -0.3797
    0.0050    120.00   -0.469   1.1256  -0.3617
    0.0050    130.00   -0.567   0.9194  -0.3362
    0.0050    140.00   -0.626   0.6957  -0.3109
    0.0050    150.00   -0.661   0.4830  -0.2977
    0.0050    160.00   -0.724   0.3084  -0.3270
    0.0050    170.00   -0.362   0.1939  -0.5000
    0.0050    180.00    0.000   0.1541   0.0000
    0.0100   -150.00    0.674   0.4715   0.0911
    0.0100   -140.00    0.634   0.6855   0.1343
    0.0100   -130.00    0.572   0.9109   0.1800
    0.0100   -120.00    0.472   1.1189   0.2253
    0.0100   -110.00    0.335   1.2826   0.2653
    0.0100   -100.00    0.172   1.3803   0.2949
    0.0100    -90.00    0.000   1.3980   0.3099
    0.0100    -80.00   -0.172   1.3803   0.3205
    0.0100    -70.00   -0.335   1.2826   0.3155
    0.0100    -60.00   -0.472   1.1189   0.2980
    0.0100    -50.00   -0.572   0.9109   0.2734
    0.0100    -40.00   -0.634   0.6855   0.2497
    0.0100    -30.00   -0.674   0.4715   0.2394
    0.0100    -20.00   -0.745   0.2959   0.2757
    0.0100    -10.00   -0.365   0.1299  -0.0480
    0.0100     -9.50   -0.373   0.1234  -0.0493
    0.0100     -9.00   -0.384   0.1167  -0.0503
    0.0100     -8.50   -0.399   0.1097  -0.0512
    0.0100     -8.00   -0.410   0.1023  -0.0526
    0.0100     -7.50   -0.417   0.0952  -0.0532
    0.0100     -7.00   -0.425   0.0878  -0.0547
    0.0100     -6.50   -0.426   0.0808  -0.0558
    0.0100     -6.00   -0.419   0.0741  -0.0567
    0.0100     -5.50   -0.403   0.0679  -0.0575
    0.0100     -5.00   -0.378   0.0623  -0.0587
    0.0100     -4.50   -0.355   0.0575  -0.0578
    0.0100     -4.00   -0.338   0.0554  -0.0492
    0.0100     -3.50   -0.319   0.0576  -0.0393
    0.0100     -3.00   -0.324   0.0593  -0.0195
    0.0100     -2.50   -0.301   0.0577  -0.0136
    0.0100     -2.00   -0.265   0.0563  -0.0142
    0.0100     -1.50   -0.228   0.0555  -0.0157
    0.0100     -1.00   -0.160   0.0555  -0.0232
    0.0100     -0.50   -0.089   0.0558  -0.0316
    0.0100      0.00   -0.028   0.0561  -0.0373
    0.0100      0.50    0.029   0.0566  -0.0420
    0.0100      1.00    0.086   0.0573  -0.0464
    0.0100      1.50    0.140   0.0579  -0.0502
    0.0100      2.00    0.203   0.0591  -0.0558
    0.0100      2.50    0.250   0.0604  -0.0593
    0.0100      3.00    0.305   0.0621  -0.0643
    0.0100      3.50    0.353   0.0636  -0.0681
    0.0100      4.00    0.420   0.0665  -0.0754
    0.0100      4.50    0.480   0.0699  -0.0819
    0.0100      5.00    0.523   0.0731  -0.0856
    0.0100      5.50    0.593   0.0767  -0.0921
    0.0100      6.00    0.624   0.0803  -0.0939
    0.0100      6.50    0.678   0.0843  -0.0980
    0.0100      7.00    0.712   0.0881  -0.0995
    0.0100      7.50    0.763   0.0925  -0.1028
    0.0100      8.00    0.786   0.0967  -0.1029
    0.0100      8.50    0.829   0.1013  -0.1047
    0.0100      9.00    0.861   0.1058  -0.1053
    0.0100      9.50    0.877   0.1105  -0.1047
    0.0100     10.00    0.897   0.1158  -0.1049
    0.0100     10.50    0.918   0.1206  -0.1045
    0.0100     11.00    0.938   0.1258  -0.1044
    0.0100     11.50    0.962   0.1312  -0.1043
    0.0100     12.00    0.979   0.1362  -0.1036
    0.0100     12.50    0.972   0.1456  -0.1067
    0.0100     13.00    0.982   0.1522  -0.1074
    0.0100     13.50    1.005   0.1599  -0.1081
    0.0100     14.00    1.000   0.1692  -0.1120
    0.0100     14.50    1.009   0.1780  -0.1145
    0.0100     15.00    1.010   0.1892  -0.1194
    0.0100     15.50    1.027   0.1969  -0.1207
    0.0100     16.00    1.023   0.2071  -0.1262
    0.0100     16.50    1.032   0.2179  -0.1300
    0.0100     17.00    1.047   0.2289  -0.1324
    0.0100     17.50    1.046   0.2404  -0.1381
    0.0100     18.00    1.045   0.2505  -0.1431
    0.0100     18.50    1.063   0.2599  -0.1435
    0.0100     19.00    1.063   0.2722  -0.1485
    0.0100     19.50    1.064   0.2841  -0.1529
    0.0100     20.00    1.064   0.2959  -0.1568
    0.0100     30.00    0.963   0.4715  -0.2102
    0.0100     40.00    0.906   0.6855  -0.2526
    0.0100     50.00    0.817   0.9109  -0.2917
    0.0100     60.00    0.674   1.1189  -0.3267
    0.0100     70.00    0.479   1.2826  -0.3558
    0.0100     80.00    0.246   1.3803  -0.3772
    0.0100     90.00    0.000   1.3980  -0.3891
    0.0100    100.00   -0.172   1.3803  -0.3997
    0.0100    110.00   -0.335   1.2826  -0.3947
    0.0100    120.00   -0.472   1.1189  -0.3772
    0.0100    130.00   -0.572   0.9109  -0.3527
    0.0100    140.00   -0.634   0.6855  -0.3289
    0.0100    150.00   -0.674   0.4715  -0.3186
    0.0100    160.00   -0.745   0.2959  -0.3549
    0.0100    170.00   -0.372   0.1809  -0.5000
    0.0100    180.00    0.000   0.1409   0.0000
    0.0500   -150.00    0.696   0.4602  -0.0079
    0.0500   -140.00    0.647   0.6755   0.0402
    0.0500   -130.00    0.580   0.9025   0.0890
    0.0500   -120.00    0.476   1.1124   0.1375
    0.0500   -110.00    0.337   1.2782   0.1815
    0.0500   -100.00    0.173   1.3780   0.2159
    0.0500    -90.00    0.000   1.3980   0.2360
    0.0500    -80.00   -0.173   1.3780   0.2507
    0.0500    -70.00   -0.337   1.2782   0.2497
    0.0500    -60.00   -0.476   1.1124   0.2362
    0.0500    -50.00   -0.580   0.9025   0.2160
    0.0500    -40.00   -0.647   0.6755   0.1979
    0.0500    -30.00   -0.696   0.4602   0.1972
    0.0500    -20.00   -0.782   0.2836   0.2572
    0.0500    -10.00   -0.353   0.1107  -0.0474
    0.0500     -9.50   -0.361   0.1034  -0.0485
    0.0500     -9.00   -0.374   0.0956  -0.0495
    0.0500     -8.50   -0.395   0.0874  -0.0506
    0.0500     -8.00   -0.417   0.0775  -0.0562
    0.0500     -7.50   -0.414   0.0638  -0.0747
    0.0500     -7.00   -0.387   0.0528  -0.0887
    0.0500     -6.50   -0.337   0.0445  -0.0970
    0.0500     -6.00   -0.283   0.0393  -0.1005
    0.0500     -5.50   -0.230   0.0359  -0.0999
    0.0500     -5.00   -0.180   0.0330  -0.0974
    0.0500     -4.50   -0.125   0.0306  -0.0988
    0.0500     -4.00   -0.040   0.0271  -0.1099
    0.0500     -3.50    0.038   0.0258  -0.1169
    0.0500     -2.50    0.170   0.0264  -0.1195
    0.0500     -2.00    0.231   0.0260  -0.1214
    0.0500     -1.50    0.301   0.0255  -0.1249
    0.0500     -1.00    0.367   0.0252  -0.1277
    0.0500     -0.50    0.427   0.0251  -0.1295
    0.0500      0.00    0.495   0.0250  -0.1324
    0.0500      0.50    0.561   0.0250  -0.1351
    0.0500      1.00    0.617   0.0253  -0.1363
    0.0500      1.50    0.680   0.0256  -0.1386
    0.0500      2.00    0.743   0.0257  -0.1402
    0.0500      2.50    0.795   0.0263  -0.1405
    0.0500      3.00    0.844   0.0271  -0.1405
    0.0500      3.50    0.898   0.0277  -0.1409
    0.0500      4.00    0.959   0.0281  -0.1422
    0.0500      4.50    1.012   0.0290  -0.1426
    0.0500      5.00    1.049   0.0303  -0.1404
    0.0500      5.50    1.099   0.0309  -0.1394
    0.0500      6.00    1.145   0.0316  -0.1379
    0.0500      6.50    1.182   0.0325  -0.1349
    0.0500      7.00    1.210   0.0335  -0.1306
    0.0500      7.50    1.237   0.0345  -0.1261
    0.0500      8.00    1.251   0.0365  -0.1207
    0.0500      8.50    1.272   0.0377  -0.1150
    0.0500      9.00    1.271   0.0411  -0.1086
    0.0500     10.00    1.256   0.0512  -0.1000
    0.0500     10.50    1.253   0.0572  -0.0979
    0.0500     11.00    1.254   0.0631  -0.0964
    0.0500     11.50    1.255   0.0692  -0.0954
    0.0500     12.00    1.254   0.0756  -0.0946
    0.0500     12.50    1.258   0.0816  -0.0937
    0.0500     13.00    1.255   0.0888  -0.0939
    0.0500     13.50    1.257   0.0957  -0.0948
    0.0500     14.00    1.251   0.1039  -0.0967
    0.0500     14.50    1.250   0.1116  -0.0979
    0.0500     15.00    1.245   0.1205  -0.1004
    0.0500     15.50    1.232   0.1317  -0.1052
    0.0500     16.00    1.209   0.1462  -0.1132
    0.0500     16.50    1.173   0.1673  -0.1256
    0.0500     17.00    1.136   0.1932  -0.1392
    0.0500     17.50    1.121   0.2128  -0.1482
    0.0500     18.00    1.125   0.2230  -0.1531
    0.0500     18.50    1.123   0.2369  -0.1594
    0.0500     19.00    1.117   0.2548  -0.1665
    0.0500     19.50    1.117   0.2696  -0.1716
    0.0500     20.00    1.118   0.2836  -0.1761
    0.0500     30.00    0.994   0.4602  -0.2518
    0.0500     40.00    0.925   0.6755  -0.3023
    0.0500     50.00    0.828   0.9025  -0.3464
    0.0500     60.00    0.680   1.1124  -0.3858
    0.0500     70.00    0.481   1.2782  -0.4196
    0.0500     80.00    0.247   1.3780  -0.4459
    0.0500     90.00    0.000   1.3980  -0.4630
    0.0500    100.00   -0.173   1.3780  -0.4777
    0.0500    110.00   -0.337   1.2782  -0.4766
    0.0500    120.00   -0.476   1.1124  -0.4632
    0.0500    130.00   -0.580   0.9025  -0.4430
    0.0500    140.00   -0.647   0.6755  -0.4248
    0.0500    150.00   -0.696   0.4602  -0.4241
    0.0500    160.00   -0.782   0.2836  -0.4842
    0.0500    170.00   -0.391   0.1680  -0.5000
    0.0500    180.00    0.000   0.1278   0.0000
    0.1000   -150.00    0.706   0.4541  -0.0250
    0.1000   -140.00    0.653   0.6701   0.0237
    0.1000   -130.00    0.583   0.8980   0.0728
    0.1000   -120.00    0.478   1.1089   0.1218
    0.1000   -110.00    0.338   1.2758   0.1664
    0.1000   -100.00    0.173   1.3768   0.2017
    0.1000    -90.00    0.000   1.3980   0.2229
    0.1000    -80.00   -0.173   1.3768   0.2381
    0.1000    -70.00   -0.338   1.2758   0.2376
    0.1000    -60.00   -0.478   1.1089   0.2247
    0.1000    -50.00   -0.583   0.8980   0.2054
    0.1000    -40.00   -0.653   0.6701   0.1887
    0.1000    -30.00   -0.706   0.4541   0.1908
    0.1000    -20.00   -0.799   0.2770   0.2577
    0.1000    -10.00   -0.365   0.1054  -0.0459
    0.1000     -9.50   -0.364   0.0957  -0.0512
    0.1000     -9.00   -0.358   0.0825  -0.0623
    0.1000     -8.50   -0.366   0.0676  -0.0767
    0.1000     -8.00   -0.383   0.0561  -0.0879
    0.1000     -7.50   -0.369   0.0455  -0.1001
    0.1000     -7.00   -0.322   0.0367  -0.1088
    0.1000     -6.50   -0.273   0.0309  -0.1119
    0.1000     -6.00   -0.208   0.0271  -0.1152
    0.1000     -5.50   -0.153   0.0242  -0.1157
    0.1000     -5.00   -0.083   0.0222  -0.1195
    0.1000     -4.50   -0.004   0.0199  -0.1262
    0.1000     -4.00    0.086   0.0179  -0.1358
    0.1000     -3.50    0.168   0.0167  -0.1429
    0.1000     -3.00    0.235   0.0170  -0.1448
    0.1000     -2.50    0.297   0.0171  -0.1459
    0.1000     -2.00    0.361   0.0169  -0.1479
    0.1000     -1.50    0.427   0.0167  -0.1502
    0.1000     -1.00    0.486   0.0167  -0.1515
    0.1000     -0.50    0.548   0.0167  -0.1530
    0.1000      0.00    0.609   0.0168  -0.1543
    0.1000      0.50    0.667   0.0169  -0.1553
    0.1000      1.00    0.725   0.0171  -0.1563
    0.1000      1.50    0.783   0.0173  -0.1570
    0.1000      2.00    0.841   0.0176  -0.1576
    0.1000      2.50    0.896   0.0179  -0.1580
    0.1000      3.00    0.951   0.0182  -0.1582
    0.1000      3.50    1.006   0.0186  -0.1584
    0.1000      4.00    1.062   0.0191  -0.1587
    0.1000      4.50    1.114   0.0195  -0.1584
    0.1000      5.00    1.162   0.0199  -0.1571
    0.1000      5.50    1.210   0.0204  -0.1556
    0.1000      6.00    1.253   0.0209  -0.1534
    0.1000      6.50    1.293   0.0216  -0.1506
    0.1000      7.00    1.319   0.0230  -0.1455
    0.1000      7.50    1.330   0.0254  -0.1385
    0.1000      8.00    1.339   0.0280  -0.1318
    0.1000      8.50    1.350   0.0307  -0.1261
    0.1000      9.50    1.369   0.0369  -0.1159
    0.1000     10.00    1.381   0.0402  -0.1119
    0.1000     10.50    1.386   0.0442  -0.1079
    0.1000     11.00    1.390   0.0483  -0.1043
    0.1000     11.50    1.387   0.0529  -0.1005
    0.1000     12.00    1.392   0.0581  -0.0985
    0.1000     12.50    1.392   0.0640  -0.0970
    0.1000     13.00    1.382   0.0712  -0.0960
    0.1000     13.50    1.386   0.0770  -0.0957
    0.1000     14.00    1.382   0.0844  -0.0960
    0.1000     14.50    1.371   0.0929  -0.0973
    0.1000     15.00    1.354   0.1028  -0.0998
    0.1000     15.50    1.336   0.1133  -0.1031
    0.1000     16.00    1.321   0.1239  -0.1075
    0.1000     16.50    1.302   0.1356  -0.1135
    0.1000     17.00    1.279   0.1497  -0.1218
    0.1000     17.50    1.250   0.1673  -0.1325
    0.1000     18.00    1.217   0.1888  -0.1447
    0.1000     18.50    1.181   0.2149  -0.1575
    0.1000     19.00    1.156   0.2401  -0.1676
    0.1000     19.50    1.146   0.2600  -0.1745
    0.1000     20.00    1.142   0.2770  -0.1800
    0.1000     30.00    1.008   0.4541  -0.2599
    0.1000     40.00    0.933   0.6701  -0.3115
    0.1000     50.00    0.833   0.8980  -0.3561
    0.1000     60.00    0.683   1.1089  -0.3961
    0.1000     70.00    0.483   1.2758  -0.4307
    0.1000     80.00    0.247   1.3768  -0.4580
    0.1000     90.00    0.000   1.3980  -0.4761
    0.1000    100.00   -0.173   1.3768  -0.4912
    0.1000    110.00   -0.338   1.2758  -0.4907
    0.1000    120.00   -0.478   1.1089  -0.4779
    0.1000    130.00   -0.583   0.8980  -0.4586
    0.1000    140.00   -0.653   0.6701  -0.4419
    0.1000    150.00   -0.706   0.4541  -0.4440
    0.1000    160.00   -0.799   0.2770  -0.5109
    0.1000    170.00   -0.400   0.1611  -0.5000
    0.1000    180.00    0.000   0.1207   0.0000
    0.1500   -150.00    0.713   0.4473  -0.0386
    0.1500   -140.00    0.658   0.6641   0.0107
    0.1500   -130.00    0.586   0.8930   0.0601
    0.1500   -120.00    0.479   1.1050   0.1094
    0.1500   -110.00    0.339   1.2731   0.1548
    0.1500   -100.00    0.173   1.3755   0.1909
    0.1500    -90.00    0.000   1.3980   0.2131
    0.1500    -80.00   -0.173   1.3755   0.2286
    0.1500    -70.00   -0.339   1.2731   0.2285
    0.1500    -60.00   -0.479   1.1050   0.2162
    0.1500    -50.00   -0.586   0.8930   0.1976
    0.1500    -40.00   -0.658   0.6641   0.1821
    0.1500    -30.00   -0.713   0.4473   0.1866
    0.1500    -20.00   -0.813   0.2697   0.2594
    0.1500    -10.00   -0.334   0.0990  -0.0572
    0.1500     -9.50   -0.328   0.0876  -0.0656
    0.1500     -9.00   -0.331   0.0718  -0.0793
    0.1500     -8.00   -0.372   0.0478  -0.1010
    0.1500     -7.00   -0.300   0.0307  -0.1151
    0.1500     -6.50   -0.234   0.0252  -0.1200
    0.1500     -6.00   -0.172   0.0218  -0.1224
    0.1500     -5.50   -0.092   0.0193  -0.1283
    0.1500     -5.00   -0.012   0.0172  -0.1353
    0.1500     -4.50    0.075   0.0156  -0.1432
    0.1500     -4.00    0.152   0.0144  -0.1492
    0.1500     -3.50    0.229   0.0132  -0.1557
    0.1500     -3.00    0.289   0.0135  -0.1562
    0.1500     -2.50    0.350   0.0137  -0.1575
    0.1500     -2.00    0.409   0.0136  -0.1584
    0.1500     -1.50    0.468   0.0136  -0.1591
    0.1500     -1.00    0.525   0.0137  -0.1597
    0.1500     -0.50    0.583   0.0138  -0.1603
    0.1500      0.00    0.640   0.0140  -0.1608
    0.1500      0.50    0.697   0.0141  -0.1614
    0.1500      1.00    0.754   0.0143  -0.1620
    0.1500      1.50    0.811   0.0145  -0.1625
    0.1500      2.00    0.867   0.0147  -0.1628
    0.1500      2.50    0.923   0.0150  -0.1632
    0.1500      3.00    0.978   0.0154  -0.1634
    0.1500      3.50    1.033   0.0156  -0.1635
    0.1500      4.00    1.086   0.0159  -0.1632
    0.1500      4.50    1.137   0.0164  -0.1623
    0.1500      5.00    1.187   0.0167  -0.1614
    0.1500      5.50    1.234   0.0172  -0.1599
    0.1500      6.00    1.277   0.0179  -0.1578
    0.1500      6.50    1.303   0.0195  -0.1527
    0.1500      7.00    1.323   0.0216  -0.1471
    0.1500      7.50    1.339   0.0236  -0.1411
    0.1500      8.00    1.359   0.0257  -0.1358
    0.1500      8.50    1.376   0.0280  -0.1307
    0.1500      9.00    1.394   0.0304  -0.1260
    0.1500      9.50    1.407   0.0332  -0.1212
    0.1500     10.00    1.419   0.0363  -0.1169
    0.1500     10.50    1.432   0.0396  -0.1132
    0.1500     11.00    1.442   0.0433  -0.1097
    0.1500     11.50    1.446   0.0478  -0.1065
    0.1500     12.00    1.450   0.0524  -0.1037
    0.1500     12.50    1.449   0.0572  -0.1008
    0.1500     13.00    1.446   0.0634  -0.0994
    0.1500     13.50    1.438   0.0705  -0.0983
    0.1500     14.00    1.433   0.0775  -0.0979
    0.1500     14.50    1.425   0.0854  -0.0983
    0.1500     15.00    1.417   0.0936  -0.0995
    0.1500     15.50    1.409   0.1019  -0.1015
    0.1500     16.00    1.397   0.1115  -0.1049
    0.1500     16.50    1.380   0.1224  -0.1096
    0.1500     17.00    1.359   0.1346  -0.1159
    0.1500     17.50    1.334   0.1482  -0.1240
    0.1500     18.00    1.307   0.1642  -0.1337
    0.1500     18.50    1.276   0.1831  -0.1447
    0.1500     19.00    1.239   0.2069  -0.1571
    0.1500     19.50    1.166   0.2534  -0.1752
    0.1500     20.00    1.161   0.2697  -0.1811
    0.1500     30.00    1.019   0.4473  -0.2649
    0.1500     40.00    0.940   0.6641  -0.3176
    0.1500     50.00    0.837   0.8930  -0.3627
    0.1500     60.00    0.685   1.1050  -0.4033
    0.1500     70.00    0.484   1.2731  -0.4385
    0.1500     80.00    0.247   1.3755  -0.4667
    0.1500     90.00    0.000   1.3980  -0.4859
    0.1500    100.00   -0.173   1.3755  -0.5014
    0.1500    110.00   -0.339   1.2731  -0.5013
    0.1500    120.00   -0.479   1.1050  -0.4889
    0.1500    130.00   -0.586   0.8930  -0.4703
    0.1500    140.00   -0.658   0.6641  -0.4548
    0.1500    150.00   -0.713   0.4473  -0.4593
    0.1500    160.00   -0.813   0.2697  -0.5321
    0.1500    170.00   -0.406   0.1534  -0.5000
    0.1500    180.00    0.000   0.1129   0.0000
    0.2000   -150.00    0.731   0.4276  -0.0500
    0.2000   -140.00    0.668   0.6467  -0.0005
    0.2000   -130.00    0.592   0.8783   0.0488
    0.2000   -120.00    0.483   1.0936   0.0986
    0.2000   -110.00    0.340   1.2653   0.1448
    0.2000   -100.00    0.174   1.3715   0.1825
    0.2000    -90.00    0.000   1.3980   0.2065
    0.2000    -80.00   -0.174   1.3715   0.2219
    0.2000    -70.00   -0.340   1.2653   0.2217
    0.2000    -60.00   -0.483   1.0936   0.2096
    0.2000    -50.00   -0.592   0.8783   0.1918
    0.2000    -40.00   -0.668   0.6467   0.1783
    0.2000    -30.00   -0.731   0.4276   0.1871
    0.2000    -20.00   -0.843   0.2482   0.2709
    0.2000    -10.00   -0.341   0.0849  -0.0699
    0.2000     -9.50   -0.370   0.0626  -0.0874
    0.2000     -9.00   -0.401   0.0501  -0.0966
    0.2000     -8.00   -0.383   0.0347  -0.1118
    0.2000     -7.50   -0.335   0.0308  -0.1161
    0.2000     -7.00   -0.273   0.0256  -0.1215
    0.2000     -6.50   -0.205   0.0215  -0.1259
    0.2000     -6.00   -0.125   0.0183  -0.1320
    0.2000     -5.50   -0.042   0.0162  -0.1394
    0.2000     -5.00    0.042   0.0147  -0.1467
    0.2000     -4.50    0.114   0.0136  -0.1515
    0.2000     -4.00    0.182   0.0128  -0.1555
    0.2000     -3.50    0.252   0.0116  -0.1604
    0.2000     -3.00    0.310   0.0118  -0.1608
    0.2000     -2.50    0.367   0.0120  -0.1610
    0.2000     -2.00    0.424   0.0121  -0.1616
    0.2000     -1.50    0.482   0.0122  -0.1622
    0.2000     -1.00    0.539   0.0123  -0.1627
    0.2000     -0.50    0.596   0.0124  -0.1631
    0.2000      0.00    0.653   0.0124  -0.1637
    0.2000      0.50    0.710   0.0126  -0.1642
    0.2000      1.00    0.766   0.0128  -0.1646
    0.2000      1.50    0.822   0.0130  -0.1649
    0.2000      2.00    0.878   0.0133  -0.1652
    0.2000      2.50    0.935   0.0135  -0.1656
    0.2000      3.00    0.990   0.0137  -0.1658
    0.2000      3.50    1.045   0.0140  -0.1657
    0.2000      4.00    1.096   0.0144  -0.1651
    0.2000      4.50    1.148   0.0146  -0.1645
    0.2000      5.00    1.196   0.0151  -0.1633
    0.2000      5.50    1.242   0.0157  -0.1617
    0.2000      6.00    1.274   0.0170  -0.1576
    0.2000      6.50    1.300   0.0189  -0.1529
    0.2000      7.00    1.324   0.0208  -0.1479
    0.2000      7.50    1.347   0.0225  -0.1430
    0.2000      8.00    1.371   0.0244  -0.1384
    0.2000      8.50    1.393   0.0264  -0.1337
    0.2000      9.00    1.411   0.0287  -0.1290
    0.2000     10.00    1.446   0.0338  -0.1205
    0.2000     10.50    1.460   0.0369  -0.1167
    0.2000     11.50    1.478   0.0446  -0.1099
    0.2000     12.50    1.482   0.0548  -0.1047
    0.2000     13.00    1.481   0.0595  -0.1018
    0.2000     13.50    1.483   0.0652  -0.1007
    0.2000     14.00    1.479   0.0718  -0.1001
    0.2000     14.50    1.467   0.0800  -0.1001
    0.2000     15.00    1.450   0.0893  -0.1010
    0.2000     15.50    1.440   0.0981  -0.1027
    0.2000     16.00    1.426   0.1077  -0.1054
    0.2000     16.50    1.411   0.1178  -0.1091
    0.2000     17.00    1.393   0.1288  -0.1139
    0.2000     17.50    1.373   0.1409  -0.1206
    0.2000     18.00    1.348   0.1548  -0.1290
    0.2000     18.50    1.320   0.1714  -0.1390
    0.2000     19.00    1.286   0.1920  -0.1509
    0.2000     19.50    1.244   0.2183  -0.1642
    0.2000     20.00    1.204   0.2482  -0.1768
    0.2000     30.00    1.044   0.4276  -0.2659
    0.2000     40.00    0.955   0.6467  -0.3193
    0.2000     50.00    0.846   0.8783  -0.3646
    0.2000     60.00    0.690   1.0936  -0.4057
    0.2000     70.00    0.486   1.2653  -0.4419
    0.2000     80.00    0.248   1.3715  -0.4716
    0.2000     90.00    0.000   1.3980  -0.4925
    0.2000    100.00   -0.174   1.3715  -0.5079
    0.2000    110.00   -0.340   1.2653  -0.5078
    0.2000    120.00   -0.483   1.0936  -0.4957
    0.2000    130.00   -0.592   0.8783  -0.4779
    0.2000    140.00   -0.668   0.6467  -0.4644
    0.2000    150.00   -0.731   0.4276  -0.4732
    0.2000    160.00   -0.843   0.2482  -0.5570
    0.2000    170.00   -0.421   0.1309  -0.5000
    0.2000    180.00    0.000   0.0901   0.0000
    0.2500   -150.00    0.750   0.4092  -0.0597
    0.2500   -140.00    0.680   0.6305  -0.0098
    0.2500   -130.00    0.599   0.8647   0.0395
    0.2500   -120.00    0.486   1.0830   0.0896
    0.2500   -110.00    0.342   1.2581   0.1367
    0.2500   -100.00    0.174   1.3678   0.1758
    0.2500    -90.00    0.000   1.3980   0.2015
    0.2500    -80.00   -0.174   1.3678   0.2169
    0.2500    -70.00   -0.342   1.2581   0.2168
    0.2500    -60.00   -0.486   1.0830   0.2050
    0.2500    -50.00   -0.599   0.8647   0.1883
    0.2500    -40.00   -0.680   0.6305   0.1771
    0.2500    -30.00   -0.750   0.4092   0.1907
    0.2500    -20.00   -0.876   0.2284   0.2869
    0.2500    -10.00   -0.317   0.0805  -0.0771
    0.2500     -9.50   -0.335   0.0630  -0.0896
    0.2500     -9.00   -0.364   0.0499  -0.1002
    0.2500     -8.50   -0.384   0.0412  -0.1063
    0.2500     -7.50   -0.320   0.0246  -0.1211
    0.2500     -7.00   -0.245   0.0216  -0.1277
    0.2500     -6.50   -0.168   0.0185  -0.1335
    0.2500     -6.00   -0.082   0.0160  -0.1414
    0.2500     -5.50   -0.004   0.0144  -0.1478
    0.2500     -5.00    0.064   0.0135  -0.1513
    0.2500     -4.50    0.129   0.0126  -0.1547
    0.2500     -4.00    0.192   0.0120  -0.1574
    0.2500     -3.50    0.261   0.0107  -0.1623
    0.2500     -3.00    0.318   0.0108  -0.1627
    0.2500     -2.50    0.375   0.0110  -0.1629
    0.2500     -2.00    0.431   0.0111  -0.1632
    0.2500     -1.50    0.488   0.0112  -0.1636
    0.2500     -1.00    0.545   0.0113  -0.1641
    0.2500     -0.50    0.603   0.0114  -0.1647
    0.2500      0.00    0.660   0.0115  -0.1652
    0.2500      0.50    0.717   0.0116  -0.1656
    0.2500      1.00    0.773   0.0118  -0.1659
    0.2500      1.50    0.830   0.0120  -0.1664
    0.2500      2.00    0.886   0.0122  -0.1669
    0.2500      2.50    0.942   0.0124  -0.1671
    0.2500      3.00    0.998   0.0126  -0.1673
    0.2500      3.50    1.050   0.0130  -0.1669
    0.2500      4.00    1.103   0.0132  -0.1666
    0.2500      4.50    1.153   0.0137  -0.1656
    0.2500      5.00    1.204   0.0141  -0.1648
    0.2500      5.50    1.243   0.0150  -0.1620
    0.2500      6.00    1.274   0.0166  -0.1580
    0.2500      6.50    1.302   0.0185  -0.1537
    0.2500      7.00    1.330   0.0200  -0.1495
    0.2500      7.50    1.355   0.0217  -0.1447
    0.2500      8.00    1.381   0.0234  -0.1403
    0.2500      8.50    1.403   0.0254  -0.1357
    0.2500      9.00    1.427   0.0273  -0.1315
    0.2500      9.50    1.447   0.0295  -0.1273
    0.2500     10.00    1.466   0.0320  -0.1232
    0.2500     10.50    1.479   0.0351  -0.1191
    0.2500     11.00    1.493   0.0384  -0.1157
    0.2500     11.50    1.500   0.0424  -0.1123
    0.2500     12.00    1.506   0.0468  -0.1094
    0.2500     13.00    1.514   0.0569  -0.1051
    0.2500     13.50    1.505   0.0629  -0.1024
    0.2500     14.00    1.501   0.0695  -0.1016
    0.2500     14.50    1.495   0.0766  -0.1013
    0.2500     15.00    1.487   0.0844  -0.1016
    0.2500     15.50    1.475   0.0931  -0.1029
    0.2500     16.00    1.463   0.1023  -0.1050
    0.2500     16.50    1.448   0.1120  -0.1078
    0.2500     17.00    1.431   0.1228  -0.1121
    0.2500     17.50    1.411   0.1344  -0.1176
    0.2500     18.00    1.389   0.1466  -0.1247
    0.2500     18.50    1.364   0.1608  -0.1333
    0.2500     19.00    1.334   0.1783  -0.1437
    0.2500     19.50    1.298   0.1995  -0.1557
    0.2500     20.00    1.251   0.2284  -0.1699
    0.2500     30.00    1.071   0.4092  -0.2651
    0.2500     40.00    0.972   0.6305  -0.3195
    0.2500     50.00    0.856   0.8647  -0.3650
    0.2500     60.00    0.695   1.0830  -0.4065
    0.2500     70.00    0.488   1.2581  -0.4437
    0.2500     80.00    0.249   1.3678  -0.4748
    0.2500     90.00    0.000   1.3980  -0.4975
    0.2500    100.00   -0.174   1.3678  -0.5129
    0.2500    110.00   -0.342   1.2581  -0.5128
    0.2500    120.00   -0.486   1.0830  -0.5010
    0.2500    130.00   -0.599   0.8647  -0.4843
    0.2500    140.00   -0.680   0.6305  -0.4731
    0.2500    150.00   -0.750   0.4092  -0.4867
    0.2500    160.00   -0.876   0.2284  -0.5828
    0.2500    170.00   -0.438   0.1101  -0.5000
    0.2500    180.00    0.000   0.0690   0.0000
